Option,BaseLeg,BaseHead,BaseBody,BaseCore,BaseArm
Part,Leg,Head,Body,Core,Arm
Level,0,0,0,0,0
